 R01             
 R02             
   139.70000       35.699993       140.50000       36.399994               0
        3600
   0.0000000       0.0000000    
        7200
   0.0000000       0.0000000    
       10800
   0.0000000       0.0000000    
       14400
   0.0000000       0.0000000    
       18000
   0.0000000       0.0000000    
       21600
   0.0000000       0.0000000    
       25200
   0.0000000       0.0000000    
       28800
   0.0000000      5.87221439E-06
       32400
   0.0000000      2.60336557E-04
       36000
   0.0000000      1.04523693E-04
       39600
   0.0000000      2.83160887E-04
